' ' : 111
'a' : 1001
'b' : 1101111
'c' : 110100
'd' : 10001
'e' : 001
'f' : 101001
'g' : 101000
'h' : 0100
'i' : 0111
'j' : 110101101
'k' : 11010111
'l' : 10101
'm' : 110110
'n' : 0110
'o' : 1100
'p' : 1101110
'q' : 11010110000
'r' : 0000
's' : 0101
't' : 1011
'u' : 10000
'v' : 1101010
'w' : 00010
'x' : 11010110001
'y' : 00011
'z' : 1101011001
1001		4		7
110100		10		14
1011		14		21
111		17		28
0101		21		35
110100		27		42
001		30		49
0110		34		56
001		37		63
111		40		70
1101010		47		77
001		50		84
0110		54		91
0111		58		98
110100		64		105
001		67		112
111		70		119
1001		74		126
111		77		133
0101		81		140
1011		85		147
0000		89		154
001		92		161
001		95		168
1011		99		175
001		102		182
0110		106		189
1011		110		196
001		113		203
0000		117		210
111		120		217
1001		124		224
0110		128		231
1011		132		238
1100		136		245
0110		140		252
0111		144		259
1100		148		266
111		151		273
0101		155		280
1001		159		287
10101		164		294
1001		168		301
0000		172		308
0111		176		315
0110		180		322
1100		184		329
111		187		336
1001		191		343
0110		195		350
10001		200		357
111		203		364
0101		207		371
1001		211		378
10101		216		385
1001		220		392
0110		224		399
0111		228		406
1100		232		413
1001		236		420
0110		240		427
1011		244		434
1100		248		441
0110		252		448
0111		256		455
1100		260		462
0111		264		469
0110		268		476
111		271		483
0101		275		490
1100		279		497
1100		283		504
1011		287		511
0100		291		518
111		294		525
0111		298		532
111		301		539
11010111		309		546
0110		313		553
1100		317		560
00010		322		567
111		325		574
0110		329		581
1100		333		588
1011		337		595
111		340		602
00010		345		609
0100		349		616
00011		354		623
111		357		630
0111		361		637
111		364		644
1001		368		651
110110		374		658
111		377		665
0101		381		672
1100		385		679
111		388		686
0101		392		693
1001		396		700
